33333333333333333333333333
33333333333333333333333333
33333333333333333333333333
33333333333333333333333333
33333333333333333333333333
33333333333333333333333333
33333333333355333333333333
33333333333355333333333333
33333333333333333333333333
33333333333333333333333333
33333333333333333333333333
33333333333333333333333333
33333333333333333333333333
33333333333333333333333333
55333333333333333333333355
33333333333333333333333333
33333333333333333333333333
33333333333333333333333333
33333333333333333333333333
33333333333333333333333333
33333333333333333333333333
33333333333333333333333333
33333333333333333333333333
33333333333333333333333333
33333333333333333333333333
33333333333333333333333333